Optimal value: -8.22222
x1: 0.666667
x2: 1.33333
